Precision: 95.28081991033723
Recall:97.1788927583861
F1: 96.22049676376233
Accuracy: 0.882781124497992