Precision: 87.79889152548678
Recall:88.3052632350524
F1: 88.05134936704185
Accuracy: 0.8854166666666666