Precision: 94.83215580451656
Recall:95.88719404699677
F1: 95.35675674861847
Accuracy: 0.8758785140562249