Precision: 95.83562611583568
Recall:97.17692354291238
F1: 96.50161430654516
Accuracy: 0.8762550200803213