Precision: 95.08547488756972
Recall:96.89697852296739
F1: 95.9826802330187
Accuracy: 0.8719879518072289