Precision: 94.99216110473641
Recall:96.56569731306176
F1: 95.77246636728204
Accuracy: 0.8890562248995983