Precision: 96.00657084164142
Recall:97.68932978079665
F1: 96.84064071499576
Accuracy: 0.8972138554216867